rsscell1	rsscell2	rsscell3	rsscell4	rsscell5	rsscell6	rsscell7	rsscell8
1525592544182	RSSCELL	LTE	58.58999	16.176619	25729813	49	-72
1525592544182	RSSCELL	LTE	58.58999	16.176619	-1	50	-84
1525592544182	RSSCELL	LTE	58.58999	16.176619	-1	293	-78
1525592544182	RSSCELL	LTE	58.58999	16.176619	-1	339	-85
1525592544182	RSSCELL	LTE	58.58999	16.176619	-1	383	-87
1525592549218	RSSCELL	LTE	58.589962	16.176537	25729813	49	-84
1525592549218	RSSCELL	LTE	58.589962	16.176537	-1	50	-90
1525592549218	RSSCELL	LTE	58.589962	16.176537	-1	293	-92
1525592549218	RSSCELL	LTE	58.589962	16.176537	-1	339	-96
1525592549218	RSSCELL	LTE	58.589962	16.176537	-1	383	-94
1525592564692	RSSCELL	LTE	58.590008	16.176332	-1	49	-92
1525592564692	RSSCELL	LTE	58.590008	16.176332	25729823	50	-90
1525592564692	RSSCELL	LTE	58.590008	16.176332	-1	293	-99
1525592564692	RSSCELL	LTE	58.590008	16.176332	-1	339	-98
1525592564692	RSSCELL	LTE	58.590008	16.176332	-1	383	-104
1525592564761	RSSCELL	LTE	58.590008	16.176332	-1	49	-92
1525592564761	RSSCELL	LTE	58.590008	16.176332	25729823	50	-90
1525592564761	RSSCELL	LTE	58.590008	16.176332	-1	293	-99
1525592564761	RSSCELL	LTE	58.590008	16.176332	-1	339	-98
1525592564761	RSSCELL	LTE	58.590008	16.176332	-1	383	-104
1525592567613	RSSCELL	LTE	58.590008	16.176332	25729813	49	-91
1525592567613	RSSCELL	LTE	58.590008	16.176332	-1	50	-93
1525592567613	RSSCELL	LTE	58.590008	16.176332	-1	293	-95
1525592567613	RSSCELL	LTE	58.590008	16.176332	-1	339	-99
1525592567613	RSSCELL	LTE	58.590008	16.176332	-1	386	-106
1525592567613	RSSCELL	LTE	58.590008	16.176332	-1	424	-100
1525592567662	RSSCELL	LTE	58.590008	16.176332	25729813	49	-91
1525592567662	RSSCELL	LTE	58.590008	16.176332	-1	50	-93
1525592567662	RSSCELL	LTE	58.590008	16.176332	-1	293	-95
1525592567662	RSSCELL	LTE	58.590008	16.176332	-1	339	-99
1525592567662	RSSCELL	LTE	58.590008	16.176332	-1	386	-106
1525592567662	RSSCELL	LTE	58.590008	16.176332	-1	424	-100
1525592569349	RSSCELL	LTE	58.590008	16.176332	25729813	49	-91
1525592569349	RSSCELL	LTE	58.590008	16.176332	-1	50	-93
1525592569349	RSSCELL	LTE	58.590008	16.176332	-1	293	-95
1525592569349	RSSCELL	LTE	58.590008	16.176332	-1	339	-99
1525592569349	RSSCELL	LTE	58.590008	16.176332	-1	386	-106
1525592569349	RSSCELL	LTE	58.590008	16.176332	-1	424	-100
1525592569395	RSSCELL	LTE	58.590008	16.176332	25729813	49	-91
1525592569395	RSSCELL	LTE	58.590008	16.176332	-1	50	-93
1525592569395	RSSCELL	LTE	58.590008	16.176332	-1	293	-95
1525592569395	RSSCELL	LTE	58.590008	16.176332	-1	339	-99
1525592569395	RSSCELL	LTE	58.590008	16.176332	-1	386	-106
1525592569395	RSSCELL	LTE	58.590008	16.176332	-1	424	-100
1525592581171	RSSCELL	LTE	58.58991	16.1757	-1	49	-95
1525592581171	RSSCELL	LTE	58.58991	16.1757	-1	50	-91
1525592581171	RSSCELL	LTE	58.58991	16.1757	-1	293	-103
1525592581171	RSSCELL	LTE	58.58991	16.1757	25729547	339	-90
1525592581171	RSSCELL	LTE	58.58991	16.1757	-1	341	-105
1525592581171	RSSCELL	LTE	58.58991	16.1757	-1	386	-101
1525592581171	RSSCELL	LTE	58.58991	16.1757	-1	424	-97
1525592581171	RSSCELL	LTE	58.58991	16.1757	-1	477	-106
1525592581257	RSSCELL	LTE	58.58991	16.1757	-1	49	-95
1525592581257	RSSCELL	LTE	58.58991	16.1757	-1	50	-91
1525592581257	RSSCELL	LTE	58.58991	16.1757	-1	293	-103
1525592581257	RSSCELL	LTE	58.58991	16.1757	25729547	339	-90
1525592581257	RSSCELL	LTE	58.58991	16.1757	-1	341	-105
1525592581257	RSSCELL	LTE	58.58991	16.1757	-1	386	-101
1525592581257	RSSCELL	LTE	58.58991	16.1757	-1	424	-97
1525592581257	RSSCELL	LTE	58.58991	16.1757	-1	477	-106
1525592592581	RSSCELL	LTE	58.589817	16.174997	25729547	339	-79
1525592634953	RSSCELL	LTE	58.589664	16.172895	25729823	50	-90
1525592634953	RSSCELL	LTE	58.589664	16.172895	-1	339	-106
1525592634953	RSSCELL	LTE	58.589664	16.172895	-1	386	-102
1525592634953	RSSCELL	LTE	58.589664	16.172895	-1	424	-111
1525592646163	RSSCELL	LTE	58.589325	16.172478	25729823	50	-83
1525592646163	RSSCELL	LTE	58.589325	16.172478	-1	340	-98
1525592709843	RSSCELL	LTE	58.589928	16.171402	25729823	50	-93
1525592709843	RSSCELL	LTE	58.589928	16.171402	-1	343	-112
1525592709843	RSSCELL	LTE	58.589928	16.171402	-1	344	-105
1525592709843	RSSCELL	LTE	58.589928	16.171402	-1	386	-102
1525592709843	RSSCELL	LTE	58.589928	16.171402	-1	414	-113
1525592709843	RSSCELL	LTE	58.589928	16.171402	-1	423	-105
1525592709843	RSSCELL	LTE	58.589928	16.171402	-1	424	-98
1525592709843	RSSCELL	LTE	58.589928	16.171402	-1	477	-108
1525592722121	RSSCELL	LTE	58.589947	16.170721	25729823	50	-101
1525592727287	RSSCELL	LTE	58.589977	16.170406	25729823	50	-97
1525592727287	RSSCELL	LTE	58.589977	16.170406	-1	240	-115
1525592727287	RSSCELL	LTE	58.589977	16.170406	-1	344	-108
1525592727287	RSSCELL	LTE	58.589977	16.170406	-1	352	-115
1525592727287	RSSCELL	LTE	58.589977	16.170406	-1	424	-105
1525592727287	RSSCELL	LTE	58.589977	16.170406	-1	440	-116
1525592727287	RSSCELL	LTE	58.589977	16.170406	-1	477	-108
1525592739889	RSSCELL	LTE	58.589977	16.169554	25729823	50	-100
1525592748816	RSSCELL	LTE	58.589947	16.168945	-1	48	-105
1525592748816	RSSCELL	LTE	58.589947	16.168945	25729823	50	-99
1525592748816	RSSCELL	LTE	58.589947	16.168945	-1	383	-104
1525592748816	RSSCELL	LTE	58.589947	16.168945	-1	386	-113
1525592748816	RSSCELL	LTE	58.589947	16.168945	-1	477	-112
1525592759584	RSSCELL	LTE	58.590073	16.168346	25729823	50	-90
1525592787810	RSSCELL	LTE	58.591064	16.167435	-1	48	-101
1525592787810	RSSCELL	LTE	58.591064	16.167435	25729823	50	-90
1525592787810	RSSCELL	LTE	58.591064	16.167435	-1	344	-100
1525592787810	RSSCELL	LTE	58.591064	16.167435	-1	424	-108
1525592805726	RSSCELL	LTE	58.59159	16.166834	25729823	50	-84
1525592812759	RSSCELL	LTE	58.591824	16.166574	-1	48	-92
1525592812759	RSSCELL	LTE	58.591824	16.166574	25729823	50	-80
1525592812759	RSSCELL	LTE	58.591824	16.166574	-1	240	-103
1525592812759	RSSCELL	LTE	58.591824	16.166574	-1	383	-99
1525592812759	RSSCELL	LTE	58.591824	16.166574	-1	386	-92
1525592820561	RSSCELL	LTE	58.592113	16.166435	-1	48	-98
1525592820561	RSSCELL	LTE	58.592113	16.166435	-1	50	-87
1525592820561	RSSCELL	LTE	58.592113	16.166435	26192671	344	-81
1525592820561	RSSCELL	LTE	58.592113	16.166435	-1	383	-92
1525592820561	RSSCELL	LTE	58.592113	16.166435	-1	386	-94
1525592820561	RSSCELL	LTE	58.592113	16.166435	-1	424	-107
1525592820561	RSSCELL	LTE	58.592113	16.166435	-1	477	-98
1525592820611	RSSCELL	LTE	58.592113	16.166435	-1	48	-98
1525592820611	RSSCELL	LTE	58.592113	16.166435	-1	50	-87
1525592820611	RSSCELL	LTE	58.592113	16.166435	26192671	344	-81
1525592820611	RSSCELL	LTE	58.592113	16.166435	-1	383	-92
1525592820611	RSSCELL	LTE	58.592113	16.166435	-1	386	-94
1525592820611	RSSCELL	LTE	58.592113	16.166435	-1	424	-107
1525592820611	RSSCELL	LTE	58.592113	16.166435	-1	477	-98
1525592825917	RSSCELL	LTE	58.592278	16.166533	26192671	344	-80
1525592844851	RSSCELL	LTE	58.592957	16.166307	-1	48	-98
1525592844851	RSSCELL	LTE	58.592957	16.166307	-1	50	-96
1525592844851	RSSCELL	LTE	58.592957	16.166307	26192671	344	-82
1525592844851	RSSCELL	LTE	58.592957	16.166307	-1	383	-94
1525592862556	RSSCELL	LTE	58.59335	16.166662	-1	48	-99
1525592862556	RSSCELL	LTE	58.59335	16.166662	25729823	50	-90
1525592862556	RSSCELL	LTE	58.59335	16.166662	-1	343	-93
1525592862556	RSSCELL	LTE	58.59335	16.166662	-1	344	-88
1525592862556	RSSCELL	LTE	58.59335	16.166662	-1	353	-99
1525592862621	RSSCELL	LTE	58.59335	16.166662	-1	48	-99
1525592862621	RSSCELL	LTE	58.59335	16.166662	25729823	50	-90
1525592862621	RSSCELL	LTE	58.59335	16.166662	-1	343	-93
1525592862621	RSSCELL	LTE	58.59335	16.166662	-1	344	-88
1525592862621	RSSCELL	LTE	58.59335	16.166662	-1	353	-99
1525592867939	RSSCELL	LTE	58.59341	16.166979	25729823	50	-96
1525592868664	RSSCELL	LTE	58.593414	16.16703	25729823	50	-96
1525592870774	RSSCELL	LTE	58.59343	16.167124	-1	48	-98
1525592870774	RSSCELL	LTE	58.59343	16.167124	-1	50	-95
1525592870774	RSSCELL	LTE	58.59343	16.167124	-1	240	-108
1525592870774	RSSCELL	LTE	58.59343	16.167124	-1	343	-90
1525592870774	RSSCELL	LTE	58.59343	16.167124	26192671	344	-86
1525592870825	RSSCELL	LTE	58.59343	16.167124	-1	48	-98
1525592870825	RSSCELL	LTE	58.59343	16.167124	-1	50	-95
1525592870825	RSSCELL	LTE	58.59343	16.167124	-1	240	-108
1525592870825	RSSCELL	LTE	58.59343	16.167124	-1	343	-90
1525592870825	RSSCELL	LTE	58.59343	16.167124	26192671	344	-86
1525592882844	RSSCELL	LTE	58.593555	16.16792	26192671	344	-79
1525592955840	RSSCELL	LTE	58.594303	16.17324	-1	48	-97
1525592955840	RSSCELL	LTE	58.594303	16.17324	-1	352	-88
1525592955840	RSSCELL	LTE	58.594303	16.17324	25729311	353	-72
1525592955840	RSSCELL	LTE	58.594303	16.17324	-1	416	-83
1525592966260	RSSCELL	LTE	58.594387	16.174046	25729311	353	-74
1525592968614	RSSCELL	LTE	58.594414	16.174257	-1	48	-87
1525592968614	RSSCELL	LTE	58.594414	16.174257	-1	277	-96
1525592968614	RSSCELL	LTE	58.594414	16.174257	-1	352	-84
1525592968614	RSSCELL	LTE	58.594414	16.174257	25729311	353	-79
1525592971777	RSSCELL	LTE	58.594425	16.17445	-1	48	-79
1525592971777	RSSCELL	LTE	58.594425	16.17445	-1	343	-88
1525592971777	RSSCELL	LTE	58.594425	16.17445	25729301	352	-74
1525592971777	RSSCELL	LTE	58.594425	16.17445	-1	353	-79
1525592971777	RSSCELL	LTE	58.594425	16.17445	-1	381	-89
1525592971777	RSSCELL	LTE	58.594425	16.17445	-1	383	-91
1525592971822	RSSCELL	LTE	58.594425	16.17445	-1	48	-79
1525592971822	RSSCELL	LTE	58.594425	16.17445	-1	343	-88
1525592971822	RSSCELL	LTE	58.594425	16.17445	25729301	352	-74
1525592971822	RSSCELL	LTE	58.594425	16.17445	-1	353	-79
1525592971822	RSSCELL	LTE	58.594425	16.17445	-1	381	-89
1525592971822	RSSCELL	LTE	58.594425	16.17445	-1	383	-91
1525592973428	RSSCELL	LTE	58.59442	16.1745	-1	48	-79
1525592973428	RSSCELL	LTE	58.59442	16.1745	-1	343	-88
1525592973428	RSSCELL	LTE	58.59442	16.1745	25729301	352	-74
1525592973428	RSSCELL	LTE	58.59442	16.1745	-1	353	-79
1525592973428	RSSCELL	LTE	58.59442	16.1745	-1	381	-89
1525592973428	RSSCELL	LTE	58.59442	16.1745	-1	383	-91
1525592973486	RSSCELL	LTE	58.59442	16.1745	-1	48	-79
1525592973486	RSSCELL	LTE	58.59442	16.1745	-1	343	-88
1525592973486	RSSCELL	LTE	58.59442	16.1745	25729301	352	-74
1525592973486	RSSCELL	LTE	58.59442	16.1745	-1	353	-79
1525592973486	RSSCELL	LTE	58.59442	16.1745	-1	381	-89
1525592973486	RSSCELL	LTE	58.59442	16.1745	-1	383	-91
1525592982733	RSSCELL	LTE	58.594467	16.174593	25729311	353	-74
1525592989538	RSSCELL	LTE	58.594482	16.174585	-1	48	-84
1525592989538	RSSCELL	LTE	58.594482	16.174585	-1	352	-83
1525592989538	RSSCELL	LTE	58.594482	16.174585	25729311	353	-74
1525592998041	RSSCELL	LTE	58.59449	16.174591	-1	48	-84
1525592998041	RSSCELL	LTE	58.59449	16.174591	-1	352	-82
1525592998041	RSSCELL	LTE	58.59449	16.174591	25729311	353	-75
1525592998041	RSSCELL	LTE	58.59449	16.174591	-1	381	-94
1525593000190	RSSCELL	LTE	58.594498	16.174614	25729311	353	-77
1525593001381	RSSCELL	LTE	58.594505	16.174627	25729311	353	-77
1525593005864	RSSCELL	LTE	58.59453	16.174667	-1	48	-81
1525593005864	RSSCELL	LTE	58.59453	16.174667	-1	352	-79
1525593005864	RSSCELL	LTE	58.59453	16.174667	25729311	353	-76
1525593012032	RSSCELL	LTE	58.59453	16.174667	-1	48	-78
1525593012032	RSSCELL	LTE	58.59453	16.174667	-1	352	-81
1525593012032	RSSCELL	LTE	58.59453	16.174667	25729311	353	-79
1525593014827	RSSCELL	LTE	58.59453	16.174665	-1	48	-78
1525593014827	RSSCELL	LTE	58.59453	16.174665	-1	277	-92
1525593014827	RSSCELL	LTE	58.59453	16.174665	-1	352	-80
1525593014827	RSSCELL	LTE	58.59453	16.174665	25729311	353	-75
1525593022417	RSSCELL	LTE	58.59453	16.174665	25729311	353	-72
1525593027658	RSSCELL	LTE	58.594517	16.17467	-1	48	-80
1525593027658	RSSCELL	LTE	58.594517	16.17467	-1	352	-77
1525593027658	RSSCELL	LTE	58.594517	16.17467	25729311	353	-78
1525593035212	RSSCELL	LTE	58.594566	16.174706	-1	48	-83
1525593035212	RSSCELL	LTE	58.594566	16.174706	-1	277	-96
1525593035212	RSSCELL	LTE	58.594566	16.174706	25729301	352	-88
1525593035212	RSSCELL	LTE	58.594566	16.174706	-1	353	-78
1525593035251	RSSCELL	LTE	58.594566	16.174706	-1	48	-83
1525593035251	RSSCELL	LTE	58.594566	16.174706	-1	277	-96
1525593035251	RSSCELL	LTE	58.594566	16.174706	25729301	352	-88
1525593035251	RSSCELL	LTE	58.594566	16.174706	-1	353	-78
1525593035674	RSSCELL	LTE	58.59459	16.174704	-1	48	-83
1525593035674	RSSCELL	LTE	58.59459	16.174704	-1	277	-96
1525593035674	RSSCELL	LTE	58.59459	16.174704	25729301	352	-88
1525593035674	RSSCELL	LTE	58.59459	16.174704	-1	353	-78
1525593035717	RSSCELL	LTE	58.59459	16.174704	-1	48	-83
1525593035717	RSSCELL	LTE	58.59459	16.174704	-1	277	-96
1525593035717	RSSCELL	LTE	58.59459	16.174704	25729301	352	-88
1525593035717	RSSCELL	LTE	58.59459	16.174704	-1	353	-78
1525593041096	RSSCELL	LTE	58.594704	16.174644	25729311	353	-82
1525593089936	RSSCELL	LTE	58.595387	16.176304	-1	48	-77
1525593089936	RSSCELL	LTE	58.595387	16.176304	25729301	352	-75
1525593089936	RSSCELL	LTE	58.595387	16.176304	-1	416	-91
1525593100713	RSSCELL	LTE	58.595215	16.176426	25729301	352	-75
1525593110116	RSSCELL	LTE	58.594997	16.176445	-1	48	-81
1525593110116	RSSCELL	LTE	58.594997	16.176445	25729301	352	-76
1525593121089	RSSCELL	LTE	58.594936	16.176445	25729301	352	-69
1525593122667	RSSCELL	LTE	58.594933	16.176437	25729301	352	-69
1525593133105	RSSCELL	LTE	58.59491	16.176476	25729301	352	-73
1525593144980	RSSCELL	LTE	58.59489	16.17726	-1	48	-75
1525593144980	RSSCELL	LTE	58.59489	16.17726	25729301	352	-74
1525593144980	RSSCELL	LTE	58.59489	16.17726	-1	381	-87
1525593165828	RSSCELL	LTE	58.595192	16.178974	25729301	352	-77
1525593168935	RSSCELL	LTE	58.595207	16.17923	-1	351	-80
1525593168935	RSSCELL	LTE	58.595207	16.17923	25729301	352	-75
1525593168935	RSSCELL	LTE	58.595207	16.17923	-1	381	-75
1525593178332	RSSCELL	LTE	58.595337	16.179832	-1	48	-85
1525593178332	RSSCELL	LTE	58.595337	16.179832	-1	98	-83
1525593178332	RSSCELL	LTE	58.595337	16.179832	-1	351	-77
1525593178332	RSSCELL	LTE	58.595337	16.179832	-1	352	-76
1525593178332	RSSCELL	LTE	58.595337	16.179832	25728779	381	-70
1525593178408	RSSCELL	LTE	58.595337	16.179832	-1	48	-85
1525593178408	RSSCELL	LTE	58.595337	16.179832	-1	98	-83
1525593178408	RSSCELL	LTE	58.595337	16.179832	-1	351	-77
1525593178408	RSSCELL	LTE	58.595337	16.179832	-1	352	-76
1525593178408	RSSCELL	LTE	58.595337	16.179832	25728779	381	-70
1525593189347	RSSCELL	LTE	58.595413	16.180653	25728779	381	-69
1525593211321	RSSCELL	LTE	58.595627	16.182117	-1	48	-98
1525593211321	RSSCELL	LTE	58.595627	16.182117	-1	98	-94
1525593211321	RSSCELL	LTE	58.595627	16.182117	-1	273	-95
1525593211321	RSSCELL	LTE	58.595627	16.182117	-1	351	-88
1525593211321	RSSCELL	LTE	58.595627	16.182117	-1	352	-84
1525593211321	RSSCELL	LTE	58.595627	16.182117	25728779	381	-76
1525593226060	RSSCELL	LTE	58.59576	16.183142	25728779	381	-79
1525593231222	RSSCELL	LTE	58.5958	16.183495	-1	98	-91
1525593231222	RSSCELL	LTE	58.5958	16.183495	-1	273	-87
1525593231222	RSSCELL	LTE	58.5958	16.183495	-1	352	-90
1525593231222	RSSCELL	LTE	58.5958	16.183495	25728779	381	-78
1525593245375	RSSCELL	LTE	58.595654	16.184114	-1	98	-89
1525593245375	RSSCELL	LTE	58.595654	16.184114	-1	234	-89
1525593245375	RSSCELL	LTE	58.595654	16.184114	-1	273	-75
1525593245375	RSSCELL	LTE	58.595654	16.184114	25767967	275	-75
1525593245375	RSSCELL	LTE	58.595654	16.184114	-1	291	-91
1525593245375	RSSCELL	LTE	58.595654	16.184114	-1	351	-86
1525593245375	RSSCELL	LTE	58.595654	16.184114	-1	352	-84
1525593245375	RSSCELL	LTE	58.595654	16.184114	-1	381	-82
1525593245418	RSSCELL	LTE	58.595654	16.184114	-1	98	-89
1525593245418	RSSCELL	LTE	58.595654	16.184114	-1	234	-89
1525593245418	RSSCELL	LTE	58.595654	16.184114	-1	273	-75
1525593245418	RSSCELL	LTE	58.595654	16.184114	25767967	275	-75
1525593245418	RSSCELL	LTE	58.595654	16.184114	-1	291	-91
1525593245418	RSSCELL	LTE	58.595654	16.184114	-1	351	-86
1525593245418	RSSCELL	LTE	58.595654	16.184114	-1	352	-84
1525593245418	RSSCELL	LTE	58.595654	16.184114	-1	381	-82
1525593252701	RSSCELL	LTE	58.59542	16.18427	25767967	275	-76
1525593269263	RSSCELL	LTE	58.595005	16.184443	25767947	273	-57
1525593269263	RSSCELL	LTE	58.595005	16.184443	-1	275	-67
1525593281436	RSSCELL	LTE	58.594963	16.184477	25767947	273	-59
1525593282053	RSSCELL	LTE	58.594963	16.184484	25767947	273	-59
1525593292549	RSSCELL	LTE	58.594845	16.18454	25767947	273	-61
1525593313929	RSSCELL	LTE	58.59416	16.18495	-1	49	-95
1525593313929	RSSCELL	LTE	58.59416	16.18495	25767947	273	-53
1525593313929	RSSCELL	LTE	58.59416	16.18495	-1	275	-64
1525593327860	RSSCELL	LTE	58.59371	16.185247	25767947	273	-69
1525593386948	RSSCELL	LTE	58.59212	16.186472	-1	49	-94
1525593386948	RSSCELL	LTE	58.59212	16.186472	-1	234	-69
1525593386948	RSSCELL	LTE	58.59212	16.186472	25767957	274	-75
1525593386948	RSSCELL	LTE	58.59212	16.186472	-1	275	-82
1525593386948	RSSCELL	LTE	58.59212	16.186472	-1	382	-91
1525593388208	RSSCELL	LTE	58.59209	16.186495	-1	49	-94
1525593388208	RSSCELL	LTE	58.59209	16.186495	-1	234	-69
1525593388208	RSSCELL	LTE	58.59209	16.186495	25767957	274	-75
1525593388208	RSSCELL	LTE	58.59209	16.186495	-1	275	-82
1525593388208	RSSCELL	LTE	58.59209	16.186495	-1	382	-91
1525593388241	RSSCELL	LTE	58.59209	16.186495	-1	49	-94
1525593388241	RSSCELL	LTE	58.59209	16.186495	-1	234	-69
1525593388241	RSSCELL	LTE	58.59209	16.186495	25767957	274	-75
1525593388241	RSSCELL	LTE	58.59209	16.186495	-1	275	-82
1525593388241	RSSCELL	LTE	58.59209	16.186495	-1	382	-91
1525593397627	RSSCELL	LTE	58.591797	16.186626	25767435	234	-73
1525593444854	RSSCELL	LTE	58.591324	16.185457	-1	49	-97
1525593444854	RSSCELL	LTE	58.591324	16.185457	-1	234	-104
1525593444854	RSSCELL	LTE	58.591324	16.185457	-1	236	-102
1525593444854	RSSCELL	LTE	58.591324	16.185457	-1	275	-99
1525593444854	RSSCELL	LTE	58.591324	16.185457	-1	291	-97
1525593444854	RSSCELL	LTE	58.591324	16.185457	25728789	382	-80
1525593455160	RSSCELL	LTE	58.591206	16.185617	25728789	382	-85
1525593456220	RSSCELL	LTE	58.59117	16.185629	25728789	382	-85
1525593460501	RSSCELL	LTE	58.591053	16.185675	-1	49	-99
1525593460501	RSSCELL	LTE	58.591053	16.185675	-1	234	-99
1525593460501	RSSCELL	LTE	58.591053	16.185675	25767455	236	-85
1525593460501	RSSCELL	LTE	58.591053	16.185675	-1	256	-99
1525593460501	RSSCELL	LTE	58.591053	16.185675	-1	292	-100
1525593460501	RSSCELL	LTE	58.591053	16.185675	-1	382	-89
1525593460501	RSSCELL	LTE	58.591053	16.185675	-1	420	-97
1525593460555	RSSCELL	LTE	58.591053	16.185675	-1	49	-99
1525593460555	RSSCELL	LTE	58.591053	16.185675	-1	234	-99
1525593460555	RSSCELL	LTE	58.591053	16.185675	25767455	236	-85
1525593460555	RSSCELL	LTE	58.591053	16.185675	-1	256	-99
1525593460555	RSSCELL	LTE	58.591053	16.185675	-1	292	-100
1525593460555	RSSCELL	LTE	58.591053	16.185675	-1	382	-89
1525593460555	RSSCELL	LTE	58.591053	16.185675	-1	420	-97
1525593467220	RSSCELL	LTE	58.59086	16.185658	-1	49	-100
1525593467220	RSSCELL	LTE	58.59086	16.185658	-1	234	-100
1525593467220	RSSCELL	LTE	58.59086	16.185658	-1	236	-86
1525593467220	RSSCELL	LTE	58.59086	16.185658	-1	292	-98
1525593467220	RSSCELL	LTE	58.59086	16.185658	25728789	382	-82
1525593467220	RSSCELL	LTE	58.59086	16.185658	-1	420	-103
1525593467273	RSSCELL	LTE	58.59086	16.185658	-1	49	-100
1525593467273	RSSCELL	LTE	58.59086	16.185658	-1	234	-100
1525593467273	RSSCELL	LTE	58.59086	16.185658	-1	236	-86
1525593467273	RSSCELL	LTE	58.59086	16.185658	-1	292	-98
1525593467273	RSSCELL	LTE	58.59086	16.185658	25728789	382	-82
1525593467273	RSSCELL	LTE	58.59086	16.185658	-1	420	-103
1525593475066	RSSCELL	LTE	58.590717	16.185774	-1	49	-96
1525593475066	RSSCELL	LTE	58.590717	16.185774	-1	234	-99
1525593475066	RSSCELL	LTE	58.590717	16.185774	-1	236	-90
1525593475066	RSSCELL	LTE	58.590717	16.185774	-1	292	-102
1525593475066	RSSCELL	LTE	58.590717	16.185774	25728789	382	-88
1525593476482	RSSCELL	LTE	58.590702	16.185766	-1	49	-96
1525593476482	RSSCELL	LTE	58.590702	16.185766	-1	234	-99
1525593476482	RSSCELL	LTE	58.590702	16.185766	-1	236	-90
1525593476482	RSSCELL	LTE	58.590702	16.185766	-1	292	-102
1525593476482	RSSCELL	LTE	58.590702	16.185766	25728789	382	-88
1525593478573	RSSCELL	LTE	58.590687	16.185755	-1	49	-101
1525593478573	RSSCELL	LTE	58.590687	16.185755	-1	234	-97
1525593478573	RSSCELL	LTE	58.590687	16.185755	25767455	236	-87
1525593478573	RSSCELL	LTE	58.590687	16.185755	-1	292	-101
1525593478573	RSSCELL	LTE	58.590687	16.185755	-1	382	-92
1525593478573	RSSCELL	LTE	58.590687	16.185755	-1	420	-100
1525593478573	RSSCELL	LTE	58.590687	16.185755	-1	448	-101
1525593478573	RSSCELL	LTE	58.590687	16.185755	-1	449	-97
1525593478620	RSSCELL	LTE	58.590687	16.185755	-1	49	-101
1525593478620	RSSCELL	LTE	58.590687	16.185755	-1	234	-97
1525593478620	RSSCELL	LTE	58.590687	16.185755	25767455	236	-87
1525593478620	RSSCELL	LTE	58.590687	16.185755	-1	292	-101
1525593478620	RSSCELL	LTE	58.590687	16.185755	-1	382	-92
1525593478620	RSSCELL	LTE	58.590687	16.185755	-1	420	-100
1525593478620	RSSCELL	LTE	58.590687	16.185755	-1	448	-101
1525593478620	RSSCELL	LTE	58.590687	16.185755	-1	449	-97
1525593478718	RSSCELL	LTE	58.590687	16.185755	-1	49	-101
1525593478718	RSSCELL	LTE	58.590687	16.185755	-1	234	-97
1525593478718	RSSCELL	LTE	58.590687	16.185755	25767455	236	-87
1525593478718	RSSCELL	LTE	58.590687	16.185755	-1	292	-101
1525593478718	RSSCELL	LTE	58.590687	16.185755	-1	382	-92
1525593478718	RSSCELL	LTE	58.590687	16.185755	-1	420	-100
1525593478718	RSSCELL	LTE	58.590687	16.185755	-1	448	-101
1525593478718	RSSCELL	LTE	58.590687	16.185755	-1	449	-97
1525593480926	RSSCELL	LTE	58.59067	16.185728	-1	49	-104
1525593480926	RSSCELL	LTE	58.59067	16.185728	-1	234	-95
1525593480926	RSSCELL	LTE	58.59067	16.185728	25767455	236	-91
1525593480926	RSSCELL	LTE	58.59067	16.185728	-1	292	-97
1525593480926	RSSCELL	LTE	58.59067	16.185728	-1	382	-89
1525593480926	RSSCELL	LTE	58.59067	16.185728	-1	420	-99
1525593480926	RSSCELL	LTE	58.59067	16.185728	-1	448	-104
1525593486754	RSSCELL	LTE	58.590614	16.185722	25767455	236	-84
1525593521123	RSSCELL	LTE	58.58988	16.186049	-1	234	-86
1525593521123	RSSCELL	LTE	58.58988	16.186049	25767455	236	-75
1525593521123	RSSCELL	LTE	58.58988	16.186049	-1	382	-92
1525593531536	RSSCELL	LTE	58.589695	16.18522	25767455	236	-82
1525593532903	RSSCELL	LTE	58.58968	16.185146	25767455	236	-82
1525593543290	RSSCELL	LTE	58.589455	16.184662	25767455	236	-74
1525593662936	RSSCELL	LTE	58.589897	16.181063	-1	49	-89
1525593662936	RSSCELL	LTE	58.589897	16.181063	-1	291	-95
1525593662936	RSSCELL	LTE	58.589897	16.181063	-1	292	-93
1525593662936	RSSCELL	LTE	58.589897	16.181063	25730079	293	-85
1525593673477	RSSCELL	LTE	58.589855	16.180742	-1	49	2147483647
1525593675572	RSSCELL	LTE	58.58986	16.180593	25729813	49	-83
1525593675572	RSSCELL	LTE	58.58986	16.180593	-1	236	-97
1525593675572	RSSCELL	LTE	58.58986	16.180593	-1	292	-95
1525593675572	RSSCELL	LTE	58.58986	16.180593	-1	293	-84
1525593675572	RSSCELL	LTE	58.58986	16.180593	-1	339	-92
1525593675572	RSSCELL	LTE	58.58986	16.180593	-1	383	-94
1525593675572	RSSCELL	LTE	58.58986	16.180593	-1	395	-96
1525593685873	RSSCELL	LTE	58.59002	16.180252	25729813	49	-84
1525593712151	RSSCELL	LTE	58.590424	16.17895	-1	49	-81
1525593712151	RSSCELL	LTE	58.590424	16.17895	-1	236	-94
1525593712151	RSSCELL	LTE	58.590424	16.17895	-1	293	-86
1525593712151	RSSCELL	LTE	58.590424	16.17895	25729547	339	-78
1525593712151	RSSCELL	LTE	58.590424	16.17895	-1	383	-81
1525593721126	RSSCELL	LTE	58.59035	16.178396	-1	49	-85
1525593721126	RSSCELL	LTE	58.59035	16.178396	-1	50	-98
1525593721126	RSSCELL	LTE	58.59035	16.178396	-1	293	-83
1525593721126	RSSCELL	LTE	58.59035	16.178396	25729547	339	-87
1525593721126	RSSCELL	LTE	58.59035	16.178396	-1	340	-96
1525593721126	RSSCELL	LTE	58.59035	16.178396	-1	352	-94
1525593721126	RSSCELL	LTE	58.59035	16.178396	-1	383	-84
1525593721170	RSSCELL	LTE	58.59035	16.178396	-1	49	-85
1525593721170	RSSCELL	LTE	58.59035	16.178396	-1	50	-98
1525593721170	RSSCELL	LTE	58.59035	16.178396	-1	293	-83
1525593721170	RSSCELL	LTE	58.59035	16.178396	25729547	339	-87
1525593721170	RSSCELL	LTE	58.59035	16.178396	-1	340	-96
1525593721170	RSSCELL	LTE	58.59035	16.178396	-1	352	-94
1525593721170	RSSCELL	LTE	58.59035	16.178396	-1	383	-84
1525593739375	RSSCELL	LTE	58.590282	16.177961	25729813	49	-85
1525593745873	RSSCELL	LTE	58.59024	16.177965	25729813	49	-85
1525593745873	RSSCELL	LTE	58.59024	16.177965	-1	293	-83
1525593745873	RSSCELL	LTE	58.59024	16.177965	-1	339	-93
1525593745873	RSSCELL	LTE	58.59024	16.177965	-1	383	-94
1525593769984	RSSCELL	LTE	58.590282	16.177958	-1	49	-86
1525593769984	RSSCELL	LTE	58.590282	16.177958	-1	50	-101
1525593769984	RSSCELL	LTE	58.590282	16.177958	25730079	293	-85
1525593769984	RSSCELL	LTE	58.590282	16.177958	-1	339	-94
1525593769984	RSSCELL	LTE	58.590282	16.177958	-1	383	-87
1525593782576	RSSCELL	LTE	58.59028	16.177935	-1	49	-82
1525593782576	RSSCELL	LTE	58.59028	16.177935	25730079	293	-85
1525593782576	RSSCELL	LTE	58.59028	16.177935	-1	339	-95
1525593782576	RSSCELL	LTE	58.59028	16.177935	-1	383	-96
1525593800378	RSSCELL	LTE	58.590294	16.177769	-1	49	-80
1525593800378	RSSCELL	LTE	58.590294	16.177769	25730079	293	-84
1525593800378	RSSCELL	LTE	58.590294	16.177769	-1	339	-94
1525593800378	RSSCELL	LTE	58.590294	16.177769	-1	383	-93
1525593802397	RSSCELL	LTE	58.590286	16.177729	-1	49	-80
1525593802397	RSSCELL	LTE	58.590286	16.177729	25730079	293	-84
1525593802397	RSSCELL	LTE	58.590286	16.177729	-1	339	-94
1525593802397	RSSCELL	LTE	58.590286	16.177729	-1	383	-93
1525593804636	RSSCELL	LTE	58.590267	16.177662	-1	49	-81
1525593804636	RSSCELL	LTE	58.590267	16.177662	-1	50	-95
1525593804636	RSSCELL	LTE	58.590267	16.177662	25730079	293	-86
1525593804636	RSSCELL	LTE	58.590267	16.177662	-1	339	-99
1525593804636	RSSCELL	LTE	58.590267	16.177662	-1	383	-88
