rsscell1	rsscell2	rsscell3	rsscell4	rsscell5	rsscell6	rsscell7	rsscell8
1525253196216	RSSCELL	LTE	58.591213	16.177378	-1	48	-94
1525253196216	RSSCELL	LTE	58.591213	16.177378	25729813	49	-73
1525253196216	RSSCELL	LTE	58.591213	16.177378	-1	423	-94
1525253196216	RSSCELL	LTE	58.591213	16.177378	-1	424	-92
1525253196695	RSSCELL	LTE	58.591213	16.177378	-1	48	-94
1525253196695	RSSCELL	LTE	58.591213	16.177378	25729813	49	-73
1525253196695	RSSCELL	LTE	58.591213	16.177378	-1	423	-94
1525253196695	RSSCELL	LTE	58.591213	16.177378	-1	424	-92
1525253198936	RSSCELL	LTE	58.591213	16.177378	-1	48	-90
1525253198936	RSSCELL	LTE	58.591213	16.177378	25729813	49	-72
1525253198936	RSSCELL	LTE	58.591213	16.177378	-1	424	-88
1525253219516	RSSCELL	LTE	58.591213	16.177378	25729813	49	-81
1525253227191	RSSCELL	LTE	58.591213	16.177378	-1	48	-94
1525253227191	RSSCELL	LTE	58.591213	16.177378	25729813	49	-76
1525253251299	RSSCELL	LTE	58.591137	16.177534	25729813	49	-78
1525253260034	RSSCELL	LTE	58.591137	16.177732	25729813	49	-78
1525253260034	RSSCELL	LTE	58.591137	16.177732	-1	50	-95
1525253260034	RSSCELL	LTE	58.591137	16.177732	-1	383	-88
1525253270582	RSSCELL	LTE	58.59121	16.177732	25729813	49	-75
1525253274636	RSSCELL	LTE	58.5912	16.177767	25729813	49	-77
1525253274636	RSSCELL	LTE	58.5912	16.177767	-1	291	-93
1525253274636	RSSCELL	LTE	58.5912	16.177767	-1	352	-97
1525253285103	RSSCELL	LTE	58.591187	16.177952	25729813	49	-82
1525253293690	RSSCELL	LTE	58.59118	16.178051	25729813	49	-80
1525253293690	RSSCELL	LTE	58.59118	16.178051	-1	352	-90
1525253293690	RSSCELL	LTE	58.59118	16.178051	-1	383	-90
1525253315515	RSSCELL	LTE	58.591152	16.178335	25729813	49	-79
1525253341175	RSSCELL	LTE	58.591156	16.17836	-1	191	-87
1525253341175	RSSCELL	LTE	58.591156	16.17836	25729300	364	-76
1525253351640	RSSCELL	LTE	58.591213	16.17823	25729300	364	-96
1525253359769	RSSCELL	LTE	58.591248	16.178192	-1	191	-113
1525253359769	RSSCELL	LTE	58.591248	16.178192	25729300	364	-109
1525253359769	RSSCELL	LTE	58.591248	16.178192	-1	382	-116
1525253366887	RSSCELL	LTE	58.591248	16.178192	-1	48	-116
1525253366887	RSSCELL	LTE	58.591248	16.178192	-1	49	-109
1525253366887	RSSCELL	LTE	58.591248	16.178192	-1	352	-113
1525253366887	RSSCELL	LTE	58.591248	16.178192	25728799	383	-109
1525253366951	RSSCELL	LTE	58.591248	16.178192	-1	48	-116
1525253366951	RSSCELL	LTE	58.591248	16.178192	-1	49	-109
1525253366951	RSSCELL	LTE	58.591248	16.178192	-1	352	-113
1525253366951	RSSCELL	LTE	58.591248	16.178192	25728799	383	-109
1525253405171	RSSCELL	LTE	58.591248	16.178192	25728799	383	-112
1525253407206	RSSCELL	LTE	58.591248	16.178192	-1	49	-114
1525253407206	RSSCELL	LTE	58.591248	16.178192	25728799	383	-110
1525253420298	RSSCELL	LTE	58.591248	16.178192	25728799	383	-110
1525253425666	RSSCELL	LTE	58.591248	16.178192	-1	48	-118
1525253425666	RSSCELL	LTE	58.591248	16.178192	-1	49	-112
1525253425666	RSSCELL	LTE	58.591248	16.178192	-1	291	-121
1525253425666	RSSCELL	LTE	58.591248	16.178192	25728799	383	-111
1525253449930	RSSCELL	LTE	58.591248	16.178192	25728799	383	-104
1525253456698	RSSCELL	LTE	58.591248	16.178192	-1	48	-113
1525253456698	RSSCELL	LTE	58.591248	16.178192	-1	49	-115
1525253456698	RSSCELL	LTE	58.591248	16.178192	25728799	383	-101
1525253467221	RSSCELL	LTE	58.591248	16.178192	25728799	383	-106
1525253473201	RSSCELL	LTE	58.591248	16.178192	-1	48	-107
1525253473201	RSSCELL	LTE	58.591248	16.178192	-1	49	-106
1525253473201	RSSCELL	LTE	58.591248	16.178192	-1	352	-108
1525253473201	RSSCELL	LTE	58.591248	16.178192	25728799	383	-103
1525253483512	RSSCELL	LTE	58.591248	16.178192	25728799	383	-102
1525253485980	RSSCELL	LTE	58.591248	16.178192	-1	48	-109
1525253485980	RSSCELL	LTE	58.591248	16.178192	-1	49	-106
1525253485980	RSSCELL	LTE	58.591248	16.178192	-1	352	-104
1525253485980	RSSCELL	LTE	58.591248	16.178192	25728799	383	-105
1525253502078	RSSCELL	LTE	58.59159	16.177668	25728799	383	-103
1525253515986	RSSCELL	LTE	58.59159	16.177668	-1	48	-112
1525253515986	RSSCELL	LTE	58.59159	16.177668	-1	49	-105
1525253515986	RSSCELL	LTE	58.59159	16.177668	-1	352	-109
1525253515986	RSSCELL	LTE	58.59159	16.177668	25728799	383	-102
1525253549568	RSSCELL	LTE	58.59159	16.177668	25728799	383	-97
1525253558000	RSSCELL	LTE	58.59159	16.177668	-1	48	-105
1525253558000	RSSCELL	LTE	58.59159	16.177668	-1	49	-103
1525253558000	RSSCELL	LTE	58.59159	16.177668	-1	352	-97
1525253558000	RSSCELL	LTE	58.59159	16.177668	25728799	383	-98
1525253568183	RSSCELL	LTE	58.59159	16.177668	25728799	383	-98
1525253571252	RSSCELL	LTE	58.59159	16.177668	-1	48	-106
1525253571252	RSSCELL	LTE	58.59159	16.177668	-1	352	-103
1525253571252	RSSCELL	LTE	58.59159	16.177668	25728799	383	-100
1525253574494	RSSCELL	LTE	58.59159	16.177668	-1	48	-102
1525253574494	RSSCELL	LTE	58.59159	16.177668	25729813	49	-98
1525253574494	RSSCELL	LTE	58.59159	16.177668	-1	291	-109
1525253574494	RSSCELL	LTE	58.59159	16.177668	-1	352	-98
1525253574494	RSSCELL	LTE	58.59159	16.177668	-1	383	-103
1525253574559	RSSCELL	LTE	58.59159	16.177668	-1	48	-102
1525253574559	RSSCELL	LTE	58.59159	16.177668	25729813	49	-98
1525253574559	RSSCELL	LTE	58.59159	16.177668	-1	291	-109
1525253574559	RSSCELL	LTE	58.59159	16.177668	-1	352	-98
1525253574559	RSSCELL	LTE	58.59159	16.177668	-1	383	-103
1525253582776	RSSCELL	LTE	58.59159	16.177668	25729813	49	-102
1525253595411	RSSCELL	LTE	58.59159	16.177668	25729813	49	-100
1525253595411	RSSCELL	LTE	58.59159	16.177668	-1	352	-104
1525253595411	RSSCELL	LTE	58.59159	16.177668	-1	383	-95
1525253600763	RSSCELL	LTE	58.59159	16.177668	-1	48	-108
1525253600763	RSSCELL	LTE	58.59159	16.177668	-1	49	-101
1525253600763	RSSCELL	LTE	58.59159	16.177668	-1	352	-102
1525253600763	RSSCELL	LTE	58.59159	16.177668	25728799	383	-97
1525253600822	RSSCELL	LTE	58.59159	16.177668	-1	48	-108
1525253600822	RSSCELL	LTE	58.59159	16.177668	-1	49	-101
1525253600822	RSSCELL	LTE	58.59159	16.177668	-1	352	-102
1525253600822	RSSCELL	LTE	58.59159	16.177668	25728799	383	-97
1525253615585	RSSCELL	LTE	58.59159	16.177668	25728799	383	-90
1525253621797	RSSCELL	LTE	58.59159	16.177668	-1	48	-107
1525253621797	RSSCELL	LTE	58.59159	16.177668	-1	49	-101
1525253621797	RSSCELL	LTE	58.59159	16.177668	-1	352	-99
1525253621797	RSSCELL	LTE	58.59159	16.177668	25728799	383	-96
1525253633726	RSSCELL	LTE	58.591652	16.177622	25728799	383	-97
1525253637445	RSSCELL	LTE	58.591644	16.177622	-1	48	-92
1525253637445	RSSCELL	LTE	58.591644	16.177622	-1	49	-87
1525253637445	RSSCELL	LTE	58.591644	16.177622	25728799	383	-89
1525253639147	RSSCELL	LTE	58.59163	16.177637	-1	48	-92
1525253639147	RSSCELL	LTE	58.59163	16.177637	-1	49	-87
1525253639147	RSSCELL	LTE	58.59163	16.177637	25728799	383	-89
1525253639185	RSSCELL	LTE	58.59163	16.177637	-1	48	-92
1525253639185	RSSCELL	LTE	58.59163	16.177637	-1	49	-87
1525253639185	RSSCELL	LTE	58.59163	16.177637	25728799	383	-89
1525253648521	RSSCELL	LTE	58.59129	16.178003	25729813	49	-80
1525253655210	RSSCELL	LTE	58.59121	16.178032	25729813	49	-79
1525253655210	RSSCELL	LTE	58.59121	16.178032	-1	352	-89
1525253665512	RSSCELL	LTE	58.59106	16.178192	25729813	49	-82
1525253665512	RSSCELL	LTE	58.59106	16.178192	-1	339	-94
1525253665512	RSSCELL	LTE	58.59106	16.178192	-1	352	-88
1525253665512	RSSCELL	LTE	58.59106	16.178192	-1	383	-90
1525253671182	RSSCELL	LTE	58.591003	16.178217	-1	48	-96
1525253671182	RSSCELL	LTE	58.591003	16.178217	25729813	49	-80
1525253671182	RSSCELL	LTE	58.591003	16.178217	-1	339	-101
1525253671182	RSSCELL	LTE	58.591003	16.178217	-1	352	-95
1525253671182	RSSCELL	LTE	58.591003	16.178217	-1	383	-89
1525253699255	RSSCELL	LTE	58.59112	16.177933	25729813	49	-79
1525253704076	RSSCELL	LTE	58.59106	16.177816	25729813	49	-77
1525253704076	RSSCELL	LTE	58.59106	16.177816	-1	50	-88
1525253714529	RSSCELL	LTE	58.591034	16.177578	25729813	49	-77
1525253716310	RSSCELL	LTE	58.591038	16.177542	25729813	49	-77
1525253746467	RSSCELL	LTE	58.59102	16.176764	25729813	49	-81
1525253754259	RSSCELL	LTE	58.590736	16.176659	25729813	49	-80
1525253754259	RSSCELL	LTE	58.590736	16.176659	-1	352	-101
1525253764724	RSSCELL	LTE	58.59054	16.176783	25729813	49	-81
1525253764724	RSSCELL	LTE	58.59054	16.176783	-1	293	-101
1525253764724	RSSCELL	LTE	58.59054	16.176783	-1	352	-103
1525253768983	RSSCELL	LTE	58.59051	16.17678	25729813	49	-79
1525253768983	RSSCELL	LTE	58.59051	16.17678	-1	293	-92
1525253768983	RSSCELL	LTE	58.59051	16.17678	-1	352	-93
1525253779552	RSSCELL	LTE	58.590363	16.17689	25729813	49	-111
1525253787177	RSSCELL	LTE	58.59034	16.17689	25729813	49	-112
1525253795356	RSSCELL	LTE	58.59034	16.17689	-1	12	-124
1525253795356	RSSCELL	LTE	58.59034	16.17689	25729548	171	-113
1525253795356	RSSCELL	LTE	58.59034	16.17689	-1	172	-122
1525253795356	RSSCELL	LTE	58.59034	16.17689	-1	279	-119
1525253795356	RSSCELL	LTE	58.59034	16.17689	-1	285	-118
1525253795414	RSSCELL	LTE	58.59034	16.17689	-1	12	-124
1525253795414	RSSCELL	LTE	58.59034	16.17689	25729548	171	-113
1525253795414	RSSCELL	LTE	58.59034	16.17689	-1	172	-122
1525253795414	RSSCELL	LTE	58.59034	16.17689	-1	279	-119
1525253795414	RSSCELL	LTE	58.59034	16.17689	-1	285	-118
1525253795627	RSSCELL	LTE	58.59034	16.17689	-1	12	-124
1525253795627	RSSCELL	LTE	58.59034	16.17689	25729548	171	-113
1525253795627	RSSCELL	LTE	58.59034	16.17689	-1	172	-122
1525253795627	RSSCELL	LTE	58.59034	16.17689	-1	279	-119
1525253795627	RSSCELL	LTE	58.59034	16.17689	-1	285	-118
1525253795654	RSSCELL	LTE	58.59034	16.17689	-1	12	-124
1525253795654	RSSCELL	LTE	58.59034	16.17689	25729548	171	-113
1525253795654	RSSCELL	LTE	58.59034	16.17689	-1	172	-122
1525253795654	RSSCELL	LTE	58.59034	16.17689	-1	279	-119
1525253795654	RSSCELL	LTE	58.59034	16.17689	-1	285	-118
1525253796946	RSSCELL	LTE	58.59034	16.17689	-1	12	-124
1525253796946	RSSCELL	LTE	58.59034	16.17689	25729548	171	-113
1525253796946	RSSCELL	LTE	58.59034	16.17689	-1	172	-122
1525253796946	RSSCELL	LTE	58.59034	16.17689	-1	279	-119
1525253796946	RSSCELL	LTE	58.59034	16.17689	-1	285	-118
1525253800620	RSSCELL	LTE	58.59034	16.17689	25729813	49	-105
1525253800865	RSSCELL	LTE	58.59034	16.17689	25729813	49	-105
1525253801511	RSSCELL	LTE	58.59034	16.17689	25729813	49	-105
